name: scraper
channels:
  - anaconda
  - defaults
  - conda-forge
dependencies:
  - attrs=24.3.0=py313haa95532_0
  - beautifulsoup4=4.12.3=py313haa95532_0
  - blas=1.0=mkl
  - bottleneck=1.4.2=py313h2cb717b_0
  - brotli-python=1.0.9=py313h5da7b33_9
  - bzip2=1.0.8=h2bbff1b_6
  - ca-certificates=2025.2.25=haa95532_0
  - certifi=2025.1.31=py313haa95532_0
  - cffi=1.17.1=py313h827c3e9_1
  - expat=2.6.4=h8ddb27b_0
  - h11=0.14.0=py313haa95532_0
  - idna=3.7=py313haa95532_0
  - intel-openmp=2023.1.0=h59b6b97_46320
  - libffi=3.4.4=hd77b12b_1
  - libmpdec=4.0.0=h827c3e9_0
  - mkl=2023.1.0=h6b88ed4_46358
  - mkl-service=2.4.0=py313h827c3e9_2
  - mkl_fft=1.3.11=py313h827c3e9_0
  - mkl_random=1.2.8=py313hce38976_0
  - numexpr=2.10.1=py313h4cd664f_0
  - numpy=2.2.4=py313he6dc315_0
  - numpy-base=2.2.4=py313h6011491_0
  - openssl=3.0.16=h3f729d1_0
  - outcome=1.3.0=py313haa95532_0
  - pandas=2.2.3=py313h5da7b33_0
  - pip=25.0=py313haa95532_0
  - pycparser=2.21=pyhd3eb1b0_0
  - pysocks=1.7.1=py313haa95532_0
  - python=3.13.2=hadb2040_100_cp313
  - python-dateutil=2.9.0post0=py313haa95532_2
  - python-tzdata=2023.3=pyhd3eb1b0_0
  - python_abi=3.13=0_cp313
  - pytz=2024.1=py313haa95532_0
  - selenium=4.31.0=pyh29332c3_0
  - selenium-manager=4.31.0=ha073cba_0
  - setuptools=72.1.0=py313haa95532_0
  - six=1.16.0=pyhd3eb1b0_1
  - sniffio=1.3.0=py313haa95532_0
  - sortedcontainers=2.4.0=pyhd3eb1b0_0
  - soupsieve=2.5=py313haa95532_0
  - sqlite=3.45.3=h2bbff1b_0
  - tbb=2021.8.0=h59b6b97_0
  - tk=8.6.14=h0416ee5_0
  - trio=0.26.2=py313haa95532_0
  - trio-websocket=0.12.2=py313haa95532_0
  - typing_extensions=4.12.2=py313haa95532_0
  - tzdata=2025a=h04d1e81_0
  - ucrt=10.0.20348.0=haa95532_0
  - urllib3=2.3.0=py313haa95532_0
  - vc=14.42=haa95532_4
  - vc14_runtime=14.42.34438=hfd919c2_26
  - vs2015_runtime=14.42.34438=h7142326_26
  - websocket-client=1.8.0=py313haa95532_0
  - wheel=0.45.1=py313haa95532_0
  - win_inet_pton=1.1.0=py313haa95532_0
  - wsproto=1.2.0=py313haa95532_0
  - xz=5.6.4=h4754444_1
  - zlib=1.2.13=h8cc25b3_1
prefix: D:\Anaconda\envs\scraper
